l：7E 81 00    00 06    01 40 00 11 54 02      00 00 03 9F    00    31 32 33 1E 7E 
t：7E 81 00    00 0E    01 40 00 11 54 02      9B C7 03 9F    00    31 32 33 34 35 36 37 38 39 30 41 09 7E
   7E 81 00 00 0E 01 41 31 30 00 26 00 00 01 66 00                  31 32 33 34 35 36 37 38 39 30 41 8E 7E 


   标识位         消息头（消息ID   消息体属性         终端手机号           消息流水号）   消息体（应答流水号        结果          鉴权码                              校验码      标识位
   7E                      81 00     00 0E            01 41 31 30 00 26    00 00                   03 9E              00           31 32 33 34 35 36 37 38 39 30 41   74          7E
   7E                      81 00     00 0E            01 41 31 30 00 26    00 00                   01 66              00           31 32 33 34 35 36 37 38 39 30 41   8E          7E
 t:7E                      81 00     00 0E            01 41 31 30 00 26    26 E2                   01 66              00           31 32 33 34 35 36 37 38 39 30 41   0B          7E
   7E                      81 00     00 0E            01 41 31 30 00 26    00 00                   01 66              00           31 32 33 34 35 36 37 38 39 30 41   8E          7E
孔工:7E                      81 00     00 05            01 41 31 30 00 26    1C ED                   00 51              00           45 45                              43          7E
  
  
  
  
  标识位         消息头（消息ID   消息体属性         终端手机号           消息流水号）   消息体（应答流水号        结果          鉴权码                              校验码      标识位
我： 7E                      81 00     00 0E            01 41 31 30 00 26    00 00                   01 66              00           31 32 33 34 35 36 37 38 39 30 41   8E          7E
 
孔工:7E                      81 00     00 05            01 41 31 30 00 26    1C ED                   00 51              00           45 45                              43          7E
     7E                      81 00     00 05            01 41 31 30 00 26    00 00                   03 9E              00           45 45                              3B          7E 
     7E                      81 00     00 05            01 41 31 30 00 28    00 00                   02 84              00           45 45                              2E          7E
 
 流水号（一般每次不一样也可以一样）
 消息流水号 固定即可
 成功 固定即可
45 45 可自定义 固定即可
43 校验码
7E
 
 
 122.152.196.226:6601
 
 
巡逻鹰位置：
7E0200003C014131300028030700000000000C00C2016177C406C10D10FEE70000005A18072715363801040000000002020000030200002504000000002B040000000030011F31010AEA7E
图元位置：
7E0200003A01400011540201F30000000000000000015C231606C93E58000000000000180727093559010400000062EB16000C00B28986041915187160711800060089FFFFFFFF9C7E




